v2.0 raw
 0 0 40000 4000000 400 40000000
 0 0 80000 4000000 800 40000000
 0 0 100000 4000000 1000 40000000
 0 0 40000 2000000 2000 40000000
 0 0 80000 2000000 4000 40000000
 0 0 100000 2000000 8000 40000000
 0 0 40000 1000000 10000 40000000
 0 0 80000 1000000 20000 40000000
 0 0 100000 1000000 40000 40000000
 0 0 0 0 80000 40000000
 0 0 0 0 100000 40000000
 0 0 0 0 200000 40000000
 0 0 0 0 100 20000000
 0 0 0 0 200 20000000
 0 0 0 0 400 20000000
 0 0 0 0 800 20000000
 0 0 0 0 1000 20000000
 0 0 0 0 2000 20000000
 0 0 0 0 4000 20000000
 0 0 0 0 8000 20000000
 0 0 0 0 10000 20000000
 0 0 0 0 20000 20000000
 0 0 0 0 40000 20000000
 0 0 0 0 80000 20000000
 0 0 0 0 100000 20000000
 0 0 0 0 200000 20000000
 0 0 0 0 400000 20000000
 0 0 0 0 800000 20000000
 0 0 0 0 80 10000000
 0 0 0 0 100 10000000
 0 0 0 0 200 10000000
 0 0 0 0 400 10000000
 0 0 0 0 800 10000000
 0 0 0 0 1000 10000000
 0 0 0 0 2000 10000000
 0 0 0 0 4000 10000000
 0 0 0 0 8000 10000000
 0 0 0 0 10000 10000000
 0 0 0 0 20000 10000000
 0 0 0 0 40000 10000000
 0 0 0 0 80000 10000000
 0 0 0 0 100000 10000000
 0 0 0 0 200000 10000000
 0 0 0 0 400000 10000000
 0 0 0 0 800000 10000000
 0 0 0 0 1000000 10000000
 0 0 0 0 40 8000000
 0 0 0 0 80 8000000
 0 0 0 0 100 8000000
 0 0 0 0 200 8000000
 0 0 0 0 400 8000000
 0 0 0 0 800 8000000
 0 0 0 0 1000 8000000
 0 0 0 0 2000 8000000
 0 0 0 0 4000 8000000
 0 0 0 0 8000 8000000
 0 0 0 0 10000 8000000
 0 0 0 0 20000 8000000
 0 0 0 0 40000 8000000
 0 0 0 0 80000 8000000
 0 0 0 0 100000 8000000
 0 0 0 0 200000 8000000
 0 0 0 0 400000 8000000
 0 0 0 0 800000 8000000
 0 0 0 0 1000000 8000000
 0 0 0 0 2000000 8000000
 0 0 0 0 20 4000000
 0 0 0 0 40 4000000
 0 0 0 0 80 4000000
 0 0 0 0 100 4000000
 0 0 0 0 200 4000000
 0 0 0 0 400 4000000
 0 0 0 0 800 4000000
 0 0 0 0 1000 4000000
 0 0 0 0 2000 4000000
 0 0 0 0 4000 4000000
 0 0 0 0 8000 4000000
 0 0 0 0 10000 4000000
 0 0 0 0 20000 4000000
 0 0 0 0 40000 4000000
 0 0 0 0 80000 4000000
 0 0 0 0 100000 4000000
 0 0 0 0 200000 4000000
 0 0 0 0 400000 4000000
 0 0 0 0 800000 4000000
 0 0 0 0 1000000 4000000
 0 0 0 0 2000000 4000000
 0 0 0 0 4000000 4000000
 0 0 0 0 10 2000000
 0 0 0 0 20 2000000
 0 0 0 0 40 2000000
 0 0 0 0 80 2000000
 0 0 0 0 100 2000000
 0 0 0 0 200 2000000
 0 0 0 0 400 2000000
 0 0 0 0 800 2000000
 0 0 0 0 1000 2000000
 0 0 0 0 2000 2000000
 0 0 0 0 4000 2000000
 0 0 0 0 8000 2000000
 0 0 0 0 10000 2000000
 0 0 0 0 20000 2000000
 0 0 0 0 40000 2000000
 0 0 0 0 80000 2000000
 0 0 0 0 100000 2000000
 0 0 0 0 200000 2000000
 0 0 0 0 400000 2000000
 0 0 0 0 800000 2000000
 0 0 0 0 1000000 2000000
 0 0 0 0 2000000 2000000
 0 0 0 0 4000000 2000000
 0 0 0 0 10 1000000
 0 0 0 0 20 1000000
 0 0 0 0 40 1000000
 0 0 0 0 80 1000000
 0 0 0 0 100 1000000
 0 0 0 0 200 1000000
 0 0 0 0 400 1000000
 0 0 0 0 800 1000000
 0 0 0 0 1000 1000000
 0 0 0 0 2000 1000000
 0 0 0 0 4000 1000000
 0 0 0 0 8000 1000000
 0 0 0 0 10000 1000000
 0 0 0 0 20000 1000000
 0 0 0 0 40000 1000000
 0 0 0 0 80000 1000000
 0 0 0 0 100000 1000000
 0 0 0 0 200000 1000000
 0 0 0 0 400000 1000000
 0 0 0 0 800000 1000000
 0 0 0 0 1000000 1000000
 0 0 0 0 2000000 1000000
 0 0 0 0 4000000 1000000
 0 0 0 0 8000000 1000000
 0 0 0 0 8 800000
 0 0 0 0 10 800000
 0 0 0 0 20 800000
 0 0 0 0 40 800000
 0 0 0 0 80 800000
 0 0 0 0 100 800000
 0 0 0 0 200 800000
 0 0 0 0 400 800000
 0 0 0 0 800 800000
 0 0 0 0 1000 800000
 0 0 0 0 2000 800000
 0 0 0 0 4000 800000
 0 0 0 0 8000 800000
 0 0 0 0 10000 800000
 0 0 0 0 20000 800000
 0 0 0 0 40000 800000
 0 0 0 0 80000 800000
 0 0 0 0 100000 800000
 0 0 0 0 200000 800000
 0 0 0 0 400000 800000
 0 0 0 0 800000 800000
 0 0 0 0 1000000 800000
 0 0 0 0 2000000 800000
 0 0 0 0 4000000 800000
 0 0 0 0 8000000 800000
 0 0 0 0 8 400000
 0 0 0 0 10 400000
 0 0 0 0 20 400000
 0 0 0 0 40 400000
 0 0 0 0 80 400000
 0 0 0 0 100 400000
 0 0 0 0 200 400000
 0 0 0 0 400 400000
 0 0 0 0 800 400000
 0 0 0 0 1000 400000
 0 0 0 0 2000 400000
 0 0 0 0 4000 400000
 0 0 0 0 8000 400000
 0 0 0 0 10000 400000
 0 0 0 0 20000 400000
 0 0 0 0 40000 400000
 0 0 0 0 80000 400000
 0 0 0 0 100000 400000
 0 0 0 0 200000 400000
 0 0 0 0 400000 400000
 0 0 0 0 800000 400000
 0 0 0 0 1000000 400000
 0 0 0 0 2000000 400000
 0 0 0 0 8 200000
 0 0 0 0 10 200000
 0 0 0 0 20 200000
 0 0 0 0 40 200000
 0 0 0 0 80 200000
 0 0 0 0 100 200000
 0 0 0 0 200 200000
 0 0 0 0 400 200000
 0 0 0 0 800 200000
 0 0 0 0 1000 200000
 0 0 0 0 2000 200000
 0 0 0 0 4000 200000
 0 0 0 0 8000 200000
 0 0 0 0 10000 200000
 0 0 0 0 20000 200000
 0 0 0 0 40000 200000
 0 0 0 0 80000 200000
 0 0 0 0 100000 200000
 0 0 0 0 200000 200000
 0 0 0 0 400000 200000
 0 0 0 0 800000 200000
 0 0 0 0 8 100000
 0 0 0 0 10 100000
 0 0 0 0 20 100000
 0 0 0 0 40 100000
 0 0 0 0 80 100000
 0 0 0 0 100 100000
 0 0 0 0 200 100000
 0 0 0 0 400 100000
 0 0 0 0 800 100000
 0 0 0 0 1000 100000
 0 0 0 0 2000 100000
 0 0 0 0 4000 100000
 0 0 0 0 8000 100000
 0 0 0 0 10000 100000
 0 0 0 0 20000 100000
 0 0 0 0 40000 100000
 0 0 0 0 80000 100000
 0 0 0 0 100000 100000
 0 0 0 0 200000 100000
 0 0 0 0 8 80000
 0 0 0 0 10 80000
 0 0 0 0 20 80000
 0 0 0 0 40 80000
 0 0 0 0 80 80000
 0 0 0 0 100 80000
 0 0 0 0 200 80000
 0 0 0 0 400 80000
 0 0 0 0 800 80000
 0 0 0 0 1000 80000
 0 0 0 0 2000 80000
 0 0 0 0 4000 80000
 0 0 0 0 8000 80000
 0 0 0 0 10000 80000
 0 0 0 0 20000 80000
 0 0 0 0 40000 80000
 0 0 0 0 80000 80000
 0 0 0 0 8 40000
 0 0 0 0 10 40000
 0 0 0 0 20 40000
 0 0 0 0 40 40000
 0 0 0 0 80 40000
 0 0 0 0 100 40000
 0 0 0 0 200 40000
 0 0 0 0 400 40000
 0 0 0 0 800 40000
 0 0 0 0 1000 40000
 0 0 0 0 2000 40000
 0 0 0 0 4000 40000
 0 0 0 0 8000 40000
 0 0 0 0 10000 40000
 0 0 0 0 20000 40000
 0 0 0 0 40000 40000
 0 0 0 0 800000 40000
 0 0 0 0 1000000 40000
 0 0 0 0 40000000 40000
 0 0 0 0 80000000 40000
 0 0 0 0 8 20000
 0 0 0 0 10 20000
 0 0 0 0 20 20000
 0 0 0 0 40 20000
 0 0 0 0 80 20000
 0 0 0 0 100 20000
 0 0 0 0 200 20000
 0 0 0 0 400 20000
 0 0 0 0 800 20000
 0 0 0 0 1000 20000
 0 0 0 0 2000 20000
 0 0 0 0 4000 20000
 0 0 0 0 8000 20000
 0 0 0 0 10000 20000
 0 0 0 0 20000 20000
 0 0 0 0 40000 20000
 0 0 0 0 800000 20000
 0 0 0 0 1000000 20000
 0 0 0 0 40000000 20000
 0 0 0 0 80000000 20000
 0 0 0 0 8 10000
 0 0 0 0 10 10000
 0 0 0 0 20 10000
 0 0 0 0 40 10000
 0 0 0 0 80 10000
 0 0 0 0 100 10000
 0 0 0 0 200 10000
 0 0 0 0 400 10000
 0 0 0 0 800 10000
 0 0 0 0 1000 10000
 0 0 0 0 2000 10000
 0 0 0 0 4000 10000
 0 0 0 0 8000 10000
 0 0 0 0 10000 10000
 0 0 0 0 20000 10000
 0 0 0 0 40000 10000
 0 0 0 0 80000 10000
 0 0 0 0 8 8000
 0 0 0 0 10 8000
 0 0 0 0 20 8000
 0 0 0 0 40 8000
 0 0 0 0 80 8000
 0 0 0 0 100 8000
 0 0 0 0 200 8000
 0 0 0 0 400 8000
 0 0 0 0 800 8000
 0 0 0 0 1000 8000
 0 0 0 0 2000 8000
 0 0 0 0 4000 8000
 0 0 0 0 8000 8000
 0 0 0 0 10000 8000
 0 0 0 0 20000 8000
 0 0 0 0 40000 8000
 0 0 0 0 80000 8000
 0 0 0 0 100000 8000
 0 0 0 0 200000 8000
 0 0 0 0 8 4000
 0 0 0 0 10 4000
 0 0 0 0 20 4000
 0 0 0 0 40 4000
 0 0 0 0 80 4000
 0 0 0 0 100 4000
 0 0 0 0 200 4000
 0 0 0 0 400 4000
 0 0 0 0 800 4000
 0 0 0 0 1000 4000
 0 0 0 0 2000 4000
 0 0 0 0 4000 4000
 0 0 0 0 8000 4000
 0 0 0 0 10000 4000
 0 0 0 0 20000 4000
 0 0 0 0 40000 4000
 0 0 0 0 80000 4000
 0 0 0 0 100000 4000
 0 0 0 0 200000 4000
 0 0 0 0 400000 4000
 0 0 0 0 8 2000
 0 0 0 0 10 2000
 0 0 0 0 20 2000
 0 0 0 0 40 2000
 0 0 0 0 80 2000
 0 0 0 0 100 2000
 0 0 0 0 200 2000
 0 0 0 0 400 2000
 0 0 0 0 800 2000
 0 0 0 0 1000 2000
 0 0 0 0 2000 2000
 0 0 0 0 4000 2000
 0 0 0 0 8000 2000
 0 0 0 0 10000 2000
 0 0 0 0 20000 2000
 0 0 0 0 40000 2000
 0 0 0 0 80000 2000
 0 0 0 0 100000 2000
 0 0 0 0 200000 2000
 0 0 0 0 400000 2000
 0 0 0 0 800000 2000
 0 0 0 0 8 1000
 0 0 0 0 10 1000
 0 0 0 0 20 1000
 0 0 0 0 40 1000
 0 0 0 0 80 1000
 0 0 0 0 100 1000
 0 0 0 0 200 1000
 0 0 0 0 400 1000
 0 0 0 0 800 1000
 0 0 0 0 1000 1000
 0 0 0 0 2000 1000
 0 0 0 0 4000 1000
 0 0 0 0 8000 1000
 0 0 0 0 10000 1000
 0 0 0 0 20000 1000
 0 0 0 0 40000 1000
 0 0 0 0 80000 1000
 0 0 0 0 100000 1000
 0 0 0 0 200000 1000
 0 0 0 0 400000 1000
 0 0 0 0 800000 1000
 0 0 0 0 1000000 1000
 0 0 0 0 2000000 1000
 0 0 0 0 10 800
 0 0 0 0 20 800
 0 0 0 0 40 800
 0 0 0 0 80 800
 0 0 0 0 100 800
 0 0 0 0 200 800
 0 0 0 0 400 800
 0 0 0 0 800 800
 0 0 0 0 1000 800
 0 0 0 0 2000 800
 0 0 0 0 4000 800
 0 0 0 0 8000 800
 0 0 0 0 10000 800
 0 0 0 0 20000 800
 0 0 0 0 40000 800
 0 0 0 0 80000 800
 0 0 0 0 100000 800
 0 0 0 0 200000 800
 0 0 0 0 400000 800
 0 0 0 0 800000 800
 0 0 0 0 1000000 800
 0 0 0 0 2000000 800
 0 0 0 0 4000000 800
 0 0 0 0 10 400
 0 0 0 0 20 400
 0 0 0 0 40 400
 0 0 0 0 80 400
 0 0 0 0 100 400
 0 0 0 0 200 400
 0 0 0 0 400 400
 0 0 0 0 800 400
 0 0 0 0 1000 400
 0 0 0 0 2000 400
 0 0 0 0 4000 400
 0 0 0 0 8000 400
 0 0 0 0 10000 400
 0 0 0 0 20000 400
 0 0 0 0 40000 400
 0 0 0 0 80000 400
 0 0 0 0 100000 400
 0 0 0 0 200000 400
 0 0 0 0 400000 400
 0 0 0 0 800000 400
 0 0 0 0 1000000 400
 0 0 0 0 2000000 400
 0 0 0 0 4000000 400
 0 0 0 0 8000000 400
 0 0 0 0 20 200
 0 0 0 0 40 200
 0 0 0 0 80 200
 0 0 0 0 100 200
 0 0 0 0 200 200
 0 0 0 0 400 200
 0 0 0 0 800 200
 0 0 0 0 1000 200
 0 0 0 0 2000 200
 0 0 0 0 4000 200
 0 0 0 0 8000 200
 0 0 0 0 10000 200
 0 0 0 0 20000 200
 0 0 0 0 40000 200
 0 0 0 0 80000 200
 0 0 0 0 100000 200
 0 0 0 0 200000 200
 0 0 0 0 400000 200
 0 0 0 0 800000 200
 0 0 0 0 1000000 200
 0 0 0 0 2000000 200
 0 0 0 0 4000000 200
 0 0 0 0 40 100
 0 0 0 0 80 100
 0 0 0 0 100 100
 0 0 0 0 200 100
 0 0 0 0 400 100
 0 0 0 0 800 100
 0 0 0 0 1000 100
 0 0 0 0 2000 100
 0 0 0 0 4000 100
 0 0 0 0 8000 100
 0 0 0 0 10000 100
 0 0 0 0 20000 100
 0 0 0 0 40000 100
 0 0 0 0 80000 100
 0 0 0 0 100000 100
 0 0 0 0 200000 100
 0 0 0 0 400000 100
 0 0 0 0 800000 100
 0 0 0 0 1000000 100
 0 0 0 0 2000000 100
 0 0 0 0 80 80
 0 0 0 0 100 80
 0 0 0 0 200 80
 0 0 0 0 400 80
 0 0 0 0 800 80
 0 0 0 0 1000 80
 0 0 0 0 2000 80
 0 0 0 0 4000 80
 0 0 0 0 8000 80
 0 0 0 0 10000 80
 0 0 0 0 20000 80
 0 0 0 0 40000 80
 0 0 0 0 80000 80
 0 0 0 0 100000 80
 0 0 0 0 200000 80
 0 0 0 0 400000 80
 0 0 0 0 800000 80
 0 0 0 0 1000000 80
 0 0 0 0 100 40
 0 0 0 0 200 40
 0 0 0 0 400 40
 0 0 0 0 800 40
 0 0 0 0 1000 40
 0 0 0 0 2000 40
 0 0 0 0 4000 40
 0 0 0 0 8000 40
 0 0 0 0 10000 40
 0 0 0 0 20000 40
 0 0 0 0 40000 40
 0 0 0 0 80000 40
 0 0 0 0 100000 40
 0 0 0 0 200000 40
 0 0 0 0 400000 40
 0 0 0 0 800000 40
 0 0 0 0 400 20
 0 0 0 0 800 20
 0 0 0 0 1000 20
 0 0 0 0 2000 20
 0 0 0 0 4000 20
 0 0 0 0 8000 20
 0 0 0 0 10000 20
 0 0 0 0 20000 20
 0 0 0 0 40000 20
 0 0 0 0 80000 20
 0 0 0 0 100000 20
 0 0 0 0 200000 20
 0 0 0 0 0 0
2404*0
 2000 200000 100 1000 800 40000000
 4000 200000 200 1000 1000 40000000
 80000 200000 400 1000 2000 40000000
 100000 200000 800 1000 4000 40000000
 1000 100000 1000 1000 8000 40000000
 2000 100000 2000 1000 10000 40000000
 4000 100000 4000 1000 20000 40000000
 8000 100000 8000 1000 40000 40000000
 40000 100000 10000 1000 80000 40000000
 80000 100000 20000 1000 100000 40000000
 100000 100000 40000 1000 200 20000000
 200000 100000 80000 1000 400 20000000
 800 80000 100000 1000 800 20000000
 1000 80000 200000 1000 1000 20000000
 2000 80000 400000 1000 2000 20000000
 4000 80000 800000 1000 4000 20000000
 8000 80000 200 800 8000 20000000
 20000 80000 400 800 10000 20000000
 40000 80000 800 800 20000 20000000
 80000 80000 1000 800 40000 20000000
 100000 80000 2000 800 80000 20000000
 200000 80000 4000 800 100000 20000000
 800 40000 8000 800 200000 20000000
 1000 40000 10000 800 400000 20000000
 4000 40000 20000 800 80 10000000
 8000 40000 40000 800 100 10000000
 20000 40000 80000 800 200 10000000
 40000 40000 100000 800 400 10000000
 100000 40000 200000 800 800 10000000
 200000 40000 400000 800 1000 10000000
 800 20000 400 400 2000 10000000
 1000 20000 800 400 4000 10000000
 2000 20000 1000 400 8000 10000000
 4000 20000 2000 400 10000 10000000
 40000 20000 4000 400 20000 10000000
 80000 20000 8000 400 40000 10000000
 100000 20000 10000 400 80000 10000000
 200000 20000 20000 400 100000 10000000
 1000 10000 40000 400 200000 10000000
 2000 10000 80000 400 400000 10000000
 80000 10000 100000 400 800000 10000000
 100000 10000 200000 400 1000000 10000000
 0 0 400 200 40 8000000
 0 0 800 200 80 8000000
 0 0 1000 200 100 8000000
 0 0 2000 200 200 8000000
 0 0 4000 200 400 8000000
 0 0 8000 200 800 8000000
 0 0 10000 200 1000 8000000
 0 0 20000 200 2000 8000000
 0 0 40000 200 4000 8000000
 0 0 80000 200 8000 8000000
 0 0 100000 200 10000 8000000
 0 0 800 100 20000 8000000
 0 0 1000 100 40000 8000000
 0 0 2000 100 80000 8000000
 0 0 4000 100 100000 8000000
 0 0 8000 100 200000 8000000
 0 0 10000 100 400000 8000000
 0 0 20000 100 800000 8000000
 0 0 40000 100 1000000 8000000
 0 0 80000 100 2000000 8000000
 0 0 2000 80 20 4000000
 0 0 4000 80 40 4000000
 0 0 8000 80 80 4000000
 0 0 10000 80 100 4000000
 0 0 20000 80 200 4000000
 0 0 40000 80 400 4000000
 0 0 0 0 800 4000000
 0 0 0 0 1000 4000000
 0 0 0 0 2000 4000000
 0 0 0 0 4000 4000000
 0 0 0 0 8000 4000000
 0 0 0 0 10000 4000000
 0 0 0 0 20000 4000000
 0 0 0 0 40000 4000000
 0 0 0 0 80000 4000000
 0 0 0 0 100000 4000000
 0 0 0 0 200000 4000000
 0 0 0 0 400000 4000000
 0 0 0 0 800000 4000000
 0 0 0 0 1000000 4000000
 0 0 0 0 2000000 4000000
 0 0 0 0 4000000 4000000
 0 0 0 0 20 2000000
 0 0 0 0 40 2000000
 0 0 0 0 80 2000000
 0 0 0 0 100 2000000
 0 0 0 0 200 2000000
 0 0 0 0 400 2000000
 0 0 0 0 800 2000000
 0 0 0 0 1000 2000000
 0 0 0 0 8000 2000000
 0 0 0 0 10000 2000000
 0 0 0 0 20000 2000000
 0 0 0 0 40000 2000000
 0 0 0 0 200000 2000000
 0 0 0 0 400000 2000000
 0 0 0 0 800000 2000000
 0 0 0 0 1000000 2000000
 0 0 0 0 2000000 2000000
 0 0 0 0 4000000 2000000
 0 0 0 0 10 1000000
 0 0 0 0 20 1000000
 0 0 0 0 40 1000000
 0 0 0 0 80 1000000
 0 0 0 0 100 1000000
 0 0 0 0 200 1000000
 0 0 0 0 400 1000000
 0 0 0 0 800 1000000
 0 0 0 0 10000 1000000
 0 0 0 0 20000 1000000
 0 0 0 0 400000 1000000
 0 0 0 0 800000 1000000
 0 0 0 0 1000000 1000000
 0 0 0 0 2000000 1000000
 0 0 0 0 4000000 1000000
 0 0 0 0 8000000 1000000
 0 0 0 0 10 800000
 0 0 0 0 20 800000
 0 0 0 0 40 800000
 0 0 0 0 80 800000
 0 0 0 0 100 800000
 0 0 0 0 200 800000
 0 0 0 0 400 800000
 0 0 0 0 10000 800000
 0 0 0 0 400000 800000
 0 0 0 0 800000 800000
 0 0 0 0 1000000 800000
 0 0 0 0 2000000 800000
 0 0 0 0 4000000 800000
 0 0 0 0 8000000 800000
 0 0 0 0 8 400000
 0 0 0 0 10 400000
 0 0 0 0 20 400000
 0 0 0 0 40 400000
 0 0 0 0 80 400000
 0 0 0 0 100 400000
 0 0 0 0 200 400000
 0 0 0 0 400 400000
 0 0 0 0 10000 400000
 0 0 0 0 400000 400000
 0 0 0 0 800000 400000
 0 0 0 0 1000000 400000
 0 0 0 0 2000000 400000
 0 0 0 0 4000000 400000
 0 0 0 0 8000000 400000
 0 0 0 0 10000000 400000
 0 0 0 0 8 200000
 0 0 0 0 10 200000
 0 0 0 0 20 200000
 0 0 0 0 40 200000
 0 0 0 0 80 200000
 0 0 0 0 100 200000
 0 0 0 0 200 200000
 0 0 0 0 400 200000
 0 0 0 0 8000 200000
 0 0 0 0 10000 200000
 0 0 0 0 20000 200000
 0 0 0 0 400000 200000
 0 0 0 0 800000 200000
 0 0 0 0 1000000 200000
 0 0 0 0 2000000 200000
 0 0 0 0 4000000 200000
 0 0 0 0 8000000 200000
 0 0 0 0 10000000 200000
 0 0 0 0 8 100000
 0 0 0 0 10 100000
 0 0 0 0 20 100000
 0 0 0 0 40 100000
 0 0 0 0 80 100000
 0 0 0 0 100 100000
 0 0 0 0 200 100000
 0 0 0 0 400 100000
 0 0 0 0 800 100000
 0 0 0 0 4000 100000
 0 0 0 0 8000 100000
 0 0 0 0 10000 100000
 0 0 0 0 20000 100000
 0 0 0 0 40000 100000
 0 0 0 0 200000 100000
 0 0 0 0 400000 100000
 0 0 0 0 800000 100000
 0 0 0 0 1000000 100000
 0 0 0 0 2000000 100000
 0 0 0 0 4000000 100000
 0 0 0 0 8000000 100000
 0 0 0 0 10000000 100000
 0 0 0 0 8 80000
 0 0 0 0 10 80000
 0 0 0 0 20 80000
 0 0 0 0 40 80000
 0 0 0 0 80 80000
 0 0 0 0 100 80000
 0 0 0 0 200 80000
 0 0 0 0 400 80000
 0 0 0 0 800 80000
 0 0 0 0 1000 80000
 0 0 0 0 2000 80000
 0 0 0 0 4000 80000
 0 0 0 0 8000 80000
 0 0 0 0 10000 80000
 0 0 0 0 20000 80000
 0 0 0 0 40000 80000
 0 0 0 0 80000 80000
 0 0 0 0 100000 80000
 0 0 0 0 200000 80000
 0 0 0 0 400000 80000
 0 0 0 0 800000 80000
 0 0 0 0 1000000 80000
 0 0 0 0 2000000 80000
 0 0 0 0 4000000 80000
 0 0 0 0 8000000 80000
 0 0 0 0 10000000 80000
 0 0 0 0 8 40000
 0 0 0 0 10 40000
 0 0 0 0 20 40000
 0 0 0 0 40 40000
 0 0 0 0 80 40000
 0 0 0 0 100 40000
 0 0 0 0 200 40000
 0 0 0 0 400 40000
 0 0 0 0 800 40000
 0 0 0 0 1000 40000
 0 0 0 0 2000 40000
 0 0 0 0 4000 40000
 0 0 0 0 8000 40000
 0 0 0 0 10000 40000
 0 0 0 0 20000 40000
 0 0 0 0 40000 40000
 0 0 0 0 80000 40000
 0 0 0 0 100000 40000
 0 0 0 0 200000 40000
 0 0 0 0 400000 40000
 0 0 0 0 800000 40000
 0 0 0 0 1000000 40000
 0 0 0 0 2000000 40000
 0 0 0 0 4000000 40000
 0 0 0 0 8000000 40000
 0 0 0 0 10000000 40000
 0 0 0 0 8 20000
 0 0 0 0 10 20000
 0 0 0 0 20 20000
 0 0 0 0 40 20000
 0 0 0 0 80 20000
 0 0 0 0 100 20000
 0 0 0 0 200 20000
 0 0 0 0 400 20000
 0 0 0 0 800 20000
 0 0 0 0 1000 20000
 0 0 0 0 2000 20000
 0 0 0 0 4000 20000
 0 0 0 0 8000 20000
 0 0 0 0 10000 20000
 0 0 0 0 20000 20000
 0 0 0 0 40000 20000
 0 0 0 0 80000 20000
 0 0 0 0 100000 20000
 0 0 0 0 200000 20000
 0 0 0 0 400000 20000
 0 0 0 0 800000 20000
 0 0 0 0 1000000 20000
 0 0 0 0 2000000 20000
 0 0 0 0 4000000 20000
 0 0 0 0 8000000 20000
 0 0 0 0 10000000 20000
 0 0 0 0 8 10000
 0 0 0 0 10 10000
 0 0 0 0 20 10000
 0 0 0 0 40 10000
 0 0 0 0 80 10000
 0 0 0 0 1000000 10000
 0 0 0 0 2000000 10000
 0 0 0 0 4000000 10000
 0 0 0 0 8000000 10000
 0 0 0 0 10000000 10000
 0 0 0 0 8 8000
 0 0 0 0 10 8000
 0 0 0 0 20 8000
 0 0 0 0 40 8000
 0 0 0 0 80 8000
 0 0 0 0 1000000 8000
 0 0 0 0 2000000 8000
 0 0 0 0 4000000 8000
 0 0 0 0 8000000 8000
 0 0 0 0 10000000 8000
 0 0 0 0 8 4000
 0 0 0 0 10 4000
 0 0 0 0 20 4000
 0 0 0 0 40 4000
 0 0 0 0 80 4000
 0 0 0 0 100 4000
 0 0 0 0 200 4000
 0 0 0 0 400 4000
 0 0 0 0 800 4000
 0 0 0 0 1000 4000
 0 0 0 0 2000 4000
 0 0 0 0 4000 4000
 0 0 0 0 8000 4000
 0 0 0 0 10000 4000
 0 0 0 0 20000 4000
 0 0 0 0 40000 4000
 0 0 0 0 80000 4000
 0 0 0 0 100000 4000
 0 0 0 0 200000 4000
 0 0 0 0 400000 4000
 0 0 0 0 800000 4000
 0 0 0 0 1000000 4000
 0 0 0 0 2000000 4000
 0 0 0 0 4000000 4000
 0 0 0 0 8000000 4000
 0 0 0 0 10000000 4000
 0 0 0 0 8 2000
 0 0 0 0 10 2000
 0 0 0 0 20 2000
 0 0 0 0 40 2000
 0 0 0 0 80 2000
 0 0 0 0 100 2000
 0 0 0 0 200 2000
 0 0 0 0 400 2000
 0 0 0 0 800 2000
 0 0 0 0 1000 2000
 0 0 0 0 2000 2000
 0 0 0 0 4000 2000
 0 0 0 0 8000 2000
 0 0 0 0 10000 2000
 0 0 0 0 20000 2000
 0 0 0 0 40000 2000
 0 0 0 0 80000 2000
 0 0 0 0 100000 2000
 0 0 0 0 200000 2000
 0 0 0 0 400000 2000
 0 0 0 0 800000 2000
 0 0 0 0 1000000 2000
 0 0 0 0 2000000 2000
 0 0 0 0 4000000 2000
 0 0 0 0 8000000 2000
 0 0 0 0 10000000 2000
 0 0 0 0 10 1000
 0 0 0 0 20 1000
 0 0 0 0 40 1000
 0 0 0 0 80 1000
 0 0 0 0 100 1000
 0 0 0 0 200 1000
 0 0 0 0 400 1000
 0 0 0 0 800 1000
 0 0 0 0 1000 1000
 0 0 0 0 2000 1000
 0 0 0 0 4000 1000
 0 0 0 0 8000 1000
 0 0 0 0 10000 1000
 0 0 0 0 20000 1000
 0 0 0 0 40000 1000
 0 0 0 0 80000 1000
 0 0 0 0 100000 1000
 0 0 0 0 200000 1000
 0 0 0 0 400000 1000
 0 0 0 0 800000 1000
 0 0 0 0 1000000 1000
 0 0 0 0 2000000 1000
 0 0 0 0 4000000 1000
 0 0 0 0 8000000 1000
 0 0 0 0 10 800
 0 0 0 0 20 800
 0 0 0 0 40 800
 0 0 0 0 80 800
 0 0 0 0 100 800
 0 0 0 0 200 800
 0 0 0 0 400 800
 0 0 0 0 800 800
 0 0 0 0 1000 800
 0 0 0 0 2000 800
 0 0 0 0 4000 800
 0 0 0 0 8000 800
 0 0 0 0 10000 800
 0 0 0 0 20000 800
 0 0 0 0 40000 800
 0 0 0 0 80000 800
 0 0 0 0 100000 800
 0 0 0 0 200000 800
 0 0 0 0 400000 800
 0 0 0 0 800000 800
 0 0 0 0 1000000 800
 0 0 0 0 2000000 800
 0 0 0 0 4000000 800
 0 0 0 0 8000000 800
 0 0 0 0 20 400
 0 0 0 0 40 400
 0 0 0 0 80 400
 0 0 0 0 100 400
 0 0 0 0 200 400
 0 0 0 0 400 400
 0 0 0 0 800 400
 0 0 0 0 1000 400
 0 0 0 0 2000 400
 0 0 0 0 4000 400
 0 0 0 0 8000 400
 0 0 0 0 10000 400
 0 0 0 0 20000 400
 0 0 0 0 40000 400
 0 0 0 0 80000 400
 0 0 0 0 100000 400
 0 0 0 0 200000 400
 0 0 0 0 400000 400
 0 0 0 0 800000 400
 0 0 0 0 1000000 400
 0 0 0 0 2000000 400
 0 0 0 0 4000000 400
 0 0 0 0 40 200
 0 0 0 0 80 200
 0 0 0 0 100 200
 0 0 0 0 200 200
 0 0 0 0 400 200
 0 0 0 0 800 200
 0 0 0 0 1000 200
 0 0 0 0 2000 200
 0 0 0 0 4000 200
 0 0 0 0 8000 200
 0 0 0 0 10000 200
 0 0 0 0 20000 200
 0 0 0 0 40000 200
 0 0 0 0 80000 200
 0 0 0 0 100000 200
 0 0 0 0 200000 200
 0 0 0 0 400000 200
 0 0 0 0 800000 200
 0 0 0 0 1000000 200
 0 0 0 0 2000000 200
 0 0 0 0 4000000 200
 0 0 0 0 80 100
 0 0 0 0 100 100
 0 0 0 0 200 100
 0 0 0 0 400 100
 0 0 0 0 800 100
 0 0 0 0 1000 100
 0 0 0 0 2000 100
 0 0 0 0 4000 100
 0 0 0 0 8000 100
 0 0 0 0 10000 100
 0 0 0 0 20000 100
 0 0 0 0 40000 100
 0 0 0 0 80000 100
 0 0 0 0 100000 100
 0 0 0 0 200000 100
 0 0 0 0 400000 100
 0 0 0 0 800000 100
 0 0 0 0 1000000 100
 0 0 0 0 2000000 100
 0 0 0 0 100 80
 0 0 0 0 200 80
 0 0 0 0 400 80
 0 0 0 0 800 80
 0 0 0 0 1000 80
 0 0 0 0 2000 80
 0 0 0 0 4000 80
 0 0 0 0 8000 80
 0 0 0 0 10000 80
 0 0 0 0 20000 80
 0 0 0 0 40000 80
 0 0 0 0 80000 80
 0 0 0 0 100000 80
 0 0 0 0 200000 80
 0 0 0 0 400000 80
 0 0 0 0 800000 80
 0 0 0 0 1000000 80
 0 0 0 0 200 40
 0 0 0 0 400 40
 0 0 0 0 800 40
 0 0 0 0 1000 40
 0 0 0 0 2000 40
 0 0 0 0 4000 40
 0 0 0 0 8000 40
 0 0 0 0 10000 40
 0 0 0 0 20000 40
 0 0 0 0 40000 40
 0 0 0 0 80000 40
 0 0 0 0 100000 40
 0 0 0 0 200000 40
 0 0 0 0 400000 40
 0 0 0 0 800 20
 0 0 0 0 1000 20
 0 0 0 0 2000 20
 0 0 0 0 4000 20
 0 0 0 0 8000 20
 0 0 0 0 10000 20
 0 0 0 0 20000 20
 0 0 0 0 40000 20
 0 0 0 0 80000 20
 0 0 0 0 100000 20
 0 0 0 0 0 0
2560*0
 1 8000000 4000000 2000000 1 80000000
 2 8000000 8000000 2000000 2 80000000
 4 8000000 10000000 2000000 4 80000000
 8 8000000 20000000 2000000 8 80000000
 10 8000000 80000000 2000000 10 80000000
 20 8000000 8000000 1000000 20 80000000
 40 8000000 10000000 1000000 40 80000000
 80 8000000 20000000 1000000 80 80000000
 100 8000000 4000000 800000 100 80000000
 200 8000000 10000000 800000 200 80000000
 400 8000000 20000000 800000 400 80000000
 800 8000000 40000000 800000 800 80000000
 1000 8000000 80000000 800000 1000 80000000
 2000 8000000 4000000 400000 2000 80000000
 4000 8000000 10000000 400000 4000 80000000
 8000 8000000 20000000 400000 8000 80000000
 10000 8000000 40000000 400000 10000 80000000
 20000 8000000 80000000 400000 20000 80000000
 40000 8000000 8000000 200000 40000 80000000
 80000 8000000 10000000 200000 80000 80000000
 100000 8000000 20000000 200000 100000 80000000
 200000 8000000 4000000 100000 200000 80000000
 400000 8000000 8000000 100000 400000 80000000
 800000 8000000 10000000 100000 800000 80000000
 1000000 8000000 20000000 100000 1000000 80000000
 2000000 8000000 80000000 100000 2000000 80000000
 4000000 8000000 1 80000 4000000 80000000
 8000000 8000000 2 80000 8000000 80000000
 10000000 8000000 2 40000 10000000 80000000
 20000000 8000000 4 40000 20000000 80000000
 40000000 8000000 10 40000 40000000 80000000
 80000000 8000000 20 40000 80000000 80000000
 1 4000000 40 40000 1 40000000
 2 4000000 4 20000 2 40000000
 4 4000000 10 20000 4 40000000
 8 4000000 20 20000 8 40000000
 10 4000000 80 20000 10 40000000
 20 4000000 2 10000 20 40000000
 40 4000000 8 10000 40 40000000
 80 4000000 10 10000 80 40000000
 100 4000000 20 10000 100 40000000
 200 4000000 40 10000 200 40000000
 400 4000000 100 10000 400 40000000
 800 4000000 200 10000 800 40000000
 1000 4000000 4 8000 1000 40000000
 2000 4000000 10 8000 2000 40000000
 4000 4000000 20 8000 4000 40000000
 8000 4000000 80 8000 8000 40000000
 10000 4000000 2 4000 10000 40000000
 20000 4000000 4 4000 20000 40000000
 40000 4000000 10 4000 40000 40000000
 80000 4000000 20 4000 80000 40000000
 100000 4000000 40 4000 100000 40000000
 200000 4000000 1 2000 200000 40000000
 400000 4000000 2 2000 400000 40000000
 800000 4000000 400000 200 800000 40000000
 1000000 4000000 800000 200 1000000 40000000
 2000000 4000000 1000000 200 2000000 40000000
 4000000 4000000 2000000 200 4000000 40000000
 8000000 4000000 8000000 200 8000000 40000000
 10000000 4000000 800000 100 10000000 40000000
 20000000 4000000 1000000 100 20000000 40000000
 40000000 4000000 2000000 100 40000000 40000000
 80000000 4000000 400000 80 80000000 40000000
 1 2000000 1000000 80 1 20000000
 2 2000000 2000000 80 2 20000000
 4 2000000 4000000 80 4 20000000
 8 2000000 8000000 80 8 20000000
 10 2000000 400000 40 10 20000000
 20 2000000 1000000 40 20 20000000
 40 2000000 2000000 40 40 20000000
 80 2000000 4000000 40 80 20000000
 100 2000000 8000000 40 100 20000000
 200 2000000 800000 20 200 20000000
 400 2000000 1000000 20 400 20000000
 800 2000000 2000000 20 800 20000000
 1000 2000000 400000 10 1000 20000000
 2000 2000000 800000 10 2000 20000000
 4000 2000000 1000000 10 4000 20000000
 8000 2000000 2000000 10 8000 20000000
 10000 2000000 8000000 10 10000 20000000
 20000 2000000 0 0 20000 20000000
 40000 2000000 0 0 40000 20000000
 80000 2000000 0 0 80000 20000000
 100000 2000000 0 0 100000 20000000
 200000 2000000 0 0 200000 20000000
 400000 2000000 0 0 400000 20000000
 800000 2000000 0 0 800000 20000000
 1000000 2000000 0 0 1000000 20000000
 2000000 2000000 0 0 2000000 20000000
 4000000 2000000 0 0 4000000 20000000
 8000000 2000000 0 0 8000000 20000000
 10000000 2000000 0 0 10000000 20000000
 20000000 2000000 0 0 20000000 20000000
 40000000 2000000 0 0 40000000 20000000
 80000000 2000000 0 0 80000000 20000000
 1 1000000 0 0 1 10000000
 2 1000000 0 0 2 10000000
 4 1000000 0 0 4 10000000
 8 1000000 0 0 8 10000000
 10 1000000 0 0 10 10000000
 20 1000000 0 0 20 10000000
 40 1000000 0 0 40 10000000
 80 1000000 0 0 80 10000000
 100 1000000 0 0 100 10000000
 200 1000000 0 0 200 10000000
 400 1000000 0 0 400 10000000
 800 1000000 0 0 800 10000000
 1000 1000000 0 0 1000 10000000
 2000 1000000 0 0 2000 10000000
 4000 1000000 0 0 4000 10000000
 8000 1000000 0 0 8000 10000000
 10000 1000000 0 0 10000 10000000
 20000 1000000 0 0 20000 10000000
 40000 1000000 0 0 40000 10000000
 80000 1000000 0 0 80000 10000000
 100000 1000000 0 0 100000 10000000
 200000 1000000 0 0 200000 10000000
 400000 1000000 0 0 400000 10000000
 800000 1000000 0 0 800000 10000000
 1000000 1000000 0 0 1000000 10000000
 2000000 1000000 0 0 2000000 10000000
 4000000 1000000 0 0 4000000 10000000
 8000000 1000000 0 0 8000000 10000000
 10000000 1000000 0 0 10000000 10000000
 20000000 1000000 0 0 20000000 10000000
 40000000 1000000 0 0 40000000 10000000
 80000000 1000000 0 0 80000000 10000000
 1 800000 0 0 1 8000000
 2 800000 0 0 2 8000000
 4 800000 0 0 4 8000000
 8 800000 0 0 8 8000000
 10 800000 0 0 10 8000000
 20 800000 0 0 20 8000000
 40 800000 0 0 40 8000000
 80 800000 0 0 80 8000000
 100 800000 0 0 100 8000000
 200 800000 0 0 200 8000000
 400 800000 0 0 400 8000000
 800 800000 0 0 800 8000000
 1000 800000 0 0 1000 8000000
 2000 800000 0 0 2000 8000000
 4000 800000 0 0 4000 8000000
 8000 800000 0 0 8000 8000000
 10000 800000 0 0 10000 8000000
 20000 800000 0 0 20000 8000000
 40000 800000 0 0 40000 8000000
 80000 800000 0 0 80000 8000000
 100000 800000 0 0 100000 8000000
 200000 800000 0 0 200000 8000000
 400000 800000 0 0 400000 8000000
 800000 800000 0 0 800000 8000000
 1000000 800000 0 0 1000000 8000000
 2000000 800000 0 0 2000000 8000000
 4000000 800000 0 0 40000000 8000000
 8000000 800000 0 0 1 4000000
 10000000 800000 0 0 2 4000000
 20000000 800000 0 0 4 4000000
 40000000 800000 0 0 8 4000000
 80000000 800000 0 0 10 4000000
 1 400000 0 0 20 4000000
 2 400000 0 0 40 4000000
 4 400000 0 0 80 4000000
 8 400000 0 0 100 4000000
 10 400000 0 0 200 4000000
 20 400000 0 0 400 4000000
 40 400000 0 0 800 4000000
 80 400000 0 0 1000 4000000
 100 400000 0 0 2000 4000000
 200 400000 0 0 4000 4000000
 400 400000 0 0 8000 4000000
 800 400000 0 0 10000 4000000
 1000 400000 0 0 20000 4000000
 2000 400000 0 0 40000 4000000
 4000 400000 0 0 80000 4000000
 8000 400000 0 0 100000 4000000
 10000 400000 0 0 200000 4000000
 20000 400000 0 0 400000 4000000
 40000 400000 0 0 800000 4000000
 80000 400000 0 0 1000000 4000000
 100000 400000 0 0 2000000 4000000
 200000 400000 0 0 4000000 4000000
 400000 400000 0 0 40000000 4000000
 800000 400000 0 0 80000000 4000000
 1000000 400000 0 0 1 2000000
 2000000 400000 0 0 2 2000000
 4000000 400000 0 0 4 2000000
 8000000 400000 0 0 8 2000000
 10000000 400000 0 0 10 2000000
 20000000 400000 0 0 20 2000000
 40000000 400000 0 0 40 2000000
 80000000 400000 0 0 80 2000000
 1 200000 0 0 100 2000000
 2 200000 0 0 200 2000000
 4 200000 0 0 400 2000000
 8 200000 0 0 800 2000000
 10 200000 0 0 1000 2000000
 20 200000 0 0 2000 2000000
 40 200000 0 0 4000 2000000
 80 200000 0 0 8000 2000000
 100 200000 0 0 10000 2000000
 200 200000 0 0 20000 2000000
 400 200000 0 0 40000 2000000
 800 200000 0 0 80000 2000000
 1000 200000 0 0 100000 2000000
 2000 200000 0 0 200000 2000000
 4000 200000 0 0 400000 2000000
 8000 200000 0 0 800000 2000000
 10000 200000 0 0 1000000 2000000
 20000 200000 0 0 2000000 2000000
 40000 200000 0 0 8000000 2000000
 80000 200000 0 0 1 1000000
 100000 200000 0 0 2 1000000
 200000 200000 0 0 4 1000000
 400000 200000 0 0 8 1000000
 800000 200000 0 0 10 1000000
 1000000 200000 0 0 20 1000000
 2000000 200000 0 0 40 1000000
 4000000 200000 0 0 80 1000000
 8000000 200000 0 0 100 1000000
 10000000 200000 0 0 200 1000000
 20000000 200000 0 0 400 1000000
 40000000 200000 0 0 800 1000000
 80000000 200000 0 0 1000 1000000
 1 100000 0 0 2000 1000000
 2 100000 0 0 4000 1000000
 4 100000 0 0 8000 1000000
 8 100000 0 0 10000 1000000
 10 100000 0 0 20000 1000000
 20 100000 0 0 40000 1000000
 40 100000 0 0 80000 1000000
 80 100000 0 0 100000 1000000
 100 100000 0 0 200000 1000000
 200 100000 0 0 400000 1000000
 400 100000 0 0 800000 1000000
 800 100000 0 0 1000000 1000000
 1000 100000 0 0 2000000 1000000
 2000 100000 0 0 8000000 1000000
 4000 100000 0 0 1 800000
 8000 100000 0 0 2 800000
 10000 100000 0 0 4 800000
 20000 100000 0 0 8 800000
 40000 100000 0 0 10 800000
 80000 100000 0 0 20 800000
 100000 100000 0 0 40 800000
 200000 100000 0 0 80 800000
 400000 100000 0 0 100 800000
 2000000 100000 0 0 200 800000
 4000000 100000 0 0 400 800000
 8000000 100000 0 0 800 800000
 10000000 100000 0 0 1000 800000
 20000000 100000 0 0 2000 800000
 40000000 100000 0 0 4000 800000
 80000000 100000 0 0 8000 800000
 1 80000 0 0 10000 800000
 2 80000 0 0 20000 800000
 4 80000 0 0 40000 800000
 8 80000 0 0 80000 800000
 10 80000 0 0 100000 800000
 20 80000 0 0 200000 800000
 40 80000 0 0 400000 800000
 80 80000 0 0 800000 800000
 100 80000 0 0 1000000 800000
 200 80000 0 0 2000000 800000
 400 80000 0 0 4000000 800000
 800 80000 0 0 40000000 800000
 1000 80000 0 0 80000000 800000
 2000 80000 0 0 1 400000
 4000 80000 0 0 2 400000
 8000 80000 0 0 4 400000
 10000 80000 0 0 8 400000
 20000 80000 0 0 10 400000
 40000 80000 0 0 20 400000
 80000 80000 0 0 40 400000
 400000 80000 0 0 80 400000
 800000 80000 0 0 100 400000
 1000000 80000 0 0 200 400000
 2000000 80000 0 0 400 400000
 4000000 80000 0 0 800 400000
 8000000 80000 0 0 1000 400000
 10000000 80000 0 0 2000 400000
 20000000 80000 0 0 4000 400000
 40000000 80000 0 0 8000 400000
 80000000 80000 0 0 10000 400000
 1 40000 0 0 20000 400000
 2 40000 0 0 40000 400000
 4 40000 0 0 80000 400000
 8 40000 0 0 100000 400000
 10 40000 0 0 200000 400000
 20 40000 0 0 400000 400000
 40 40000 0 0 800000 400000
 80 40000 0 0 1000000 400000
 100 40000 0 0 2000000 400000
 200 40000 0 0 40000000 400000
 400 40000 0 0 1 200000
 800 40000 0 0 2 200000
 1000 40000 0 0 4 200000
 2000 40000 0 0 8 200000
 4000 40000 0 0 10 200000
 8000 40000 0 0 20 200000
 10000 40000 0 0 40 200000
 20000 40000 0 0 80 200000
 40000 40000 0 0 100 200000
 80000 40000 0 0 200 200000
 100000 40000 0 0 400 200000
 200000 40000 0 0 800 200000
 400000 40000 0 0 1000 200000
 800000 40000 0 0 2000 200000
 1000000 40000 0 0 4000 200000
 2000000 40000 0 0 8000 200000
 4000000 40000 0 0 10000 200000
 8000000 40000 0 0 20000 200000
 10000000 40000 0 0 40000 200000
 20000000 40000 0 0 80000 200000
 40000000 40000 0 0 100000 200000
 80000000 40000 0 0 200000 200000
 4 20000 0 0 400000 200000
 8 20000 0 0 800000 200000
 10 20000 0 0 1000000 200000
 20 20000 0 0 2000000 200000
 40 20000 0 0 4000000 200000
 80 20000 0 0 8000000 200000
 100 20000 0 0 10000000 200000
 200 20000 0 0 20000000 200000
 400 20000 0 0 40000000 200000
 800 20000 0 0 80000000 200000
 1000 20000 0 0 1 100000
 2000 20000 0 0 2 100000
 4000 20000 0 0 4 100000
 8000 20000 0 0 8 100000
 10000 20000 0 0 10 100000
 80000 20000 0 0 20 100000
 100000 20000 0 0 40 100000
 200000 20000 0 0 80 100000
 400000 20000 0 0 100 100000
 800000 20000 0 0 200 100000
 1000000 20000 0 0 400 100000
 2000000 20000 0 0 800 100000
 4000000 20000 0 0 1000 100000
 8000000 20000 0 0 2000 100000
 10000000 20000 0 0 4000 100000
 20000000 20000 0 0 8000 100000
 40000000 20000 0 0 10000 100000
 80000000 20000 0 0 20000 100000
 1 10000 0 0 40000 100000
 8 10000 0 0 80000 100000
 80 10000 0 0 100000 100000
 100 10000 0 0 200000 100000
 200 10000 0 0 400000 100000
 400 10000 0 0 800000 100000
 800 10000 0 0 1000000 100000
 1000 10000 0 0 2000000 100000
 2000 10000 0 0 4000000 100000
 4000 10000 0 0 8000000 100000
 8000 10000 0 0 10000000 100000
 10000 10000 0 0 20000000 100000
 20000 10000 0 0 40000000 100000
 40000 10000 0 0 80000000 100000
 80000 10000 0 0 1 80000
 100000 10000 0 0 2 80000
 200000 10000 0 0 4 80000
 400000 10000 0 0 8 80000
 800000 10000 0 0 10 80000
 1000000 10000 0 0 20 80000
 2000000 10000 0 0 40 80000
 4000000 10000 0 0 80 80000
 8000000 10000 0 0 100 80000
 10000000 10000 0 0 200 80000
 20000000 10000 0 0 400 80000
 40000000 10000 0 0 800 80000
 80000000 10000 0 0 1000 80000
 1 8000 0 0 2000 80000
 2 8000 0 0 4000 80000
 8 8000 0 0 8000 80000
 40 8000 0 0 10000 80000
 100 8000 0 0 20000 80000
 200 8000 0 0 40000 80000
 400 8000 0 0 80000 80000
 800 8000 0 0 100000 80000
 1000 8000 0 0 200000 80000
 2000 8000 0 0 400000 80000
 10000 8000 0 0 800000 80000
 20000 8000 0 0 1000000 80000
 40000 8000 0 0 2000000 80000
 80000 8000 0 0 4000000 80000
 100000 8000 0 0 8000000 80000
 200000 8000 0 0 10000000 80000
 400000 8000 0 0 20000000 80000
 800000 8000 0 0 40000000 80000
 1000000 8000 0 0 80000000 80000
 2000000 8000 0 0 1 40000
 4000000 8000 0 0 2 40000
 8000000 8000 0 0 4 40000
 10000000 8000 0 0 8 40000
 20000000 8000 0 0 10 40000
 40000000 8000 0 0 20 40000
 80000000 8000 0 0 40 40000
 1 4000 0 0 80 40000
 4 4000 0 0 100 40000
 80 4000 0 0 200 40000
 400 4000 0 0 400 40000
 2000 4000 0 0 800 40000
 4000 4000 0 0 1000 40000
 8000 4000 0 0 2000 40000
 10000 4000 0 0 4000 40000
 20000 4000 0 0 8000 40000
 40000 4000 0 0 10000 40000
 80000 4000 0 0 20000 40000
 100000 4000 0 0 40000 40000
 200000 4000 0 0 80000 40000
 400000 4000 0 0 100000 40000
 800000 4000 0 0 200000 40000
 1000000 4000 0 0 400000 40000
 2000000 4000 0 0 800000 40000
 4000000 4000 0 0 1000000 40000
 8000000 4000 0 0 2000000 40000
 10000000 4000 0 0 4000000 40000
 20000000 4000 0 0 8000000 40000
 40000000 4000 0 0 10000000 40000
 80000000 4000 0 0 20000000 40000
 1 2000 0 0 40000000 40000
 2 2000 0 0 80000000 40000
 8 2000 0 0 1 20000
 40 2000 0 0 2 20000
 100 2000 0 0 4 20000
 200 2000 0 0 8 20000
 400 2000 0 0 10 20000
 800 2000 0 0 20 20000
 1000 2000 0 0 40 20000
 2000 2000 0 0 80 20000
 4000 2000 0 0 100 20000
 8000 2000 0 0 200 20000
 10000 2000 0 0 400 20000
 20000 2000 0 0 800 20000
 40000 2000 0 0 1000 20000
 80000 2000 0 0 2000 20000
 100000 2000 0 0 4000 20000
 200000 2000 0 0 8000 20000
 400000 2000 0 0 10000 20000
 800000 2000 0 0 20000 20000
 1000000 2000 0 0 40000 20000
 2000000 2000 0 0 80000 20000
 4000000 2000 0 0 100000 20000
 8000000 2000 0 0 200000 20000
 10000000 2000 0 0 400000 20000
 20000000 2000 0 0 800000 20000
 40000000 2000 0 0 1000000 20000
 80000000 2000 0 0 2000000 20000
 1 1000 0 0 4000000 20000
 8 1000 0 0 8000000 20000
 80 1000 0 0 10000000 20000
 100 1000 0 0 20000000 20000
 200 1000 0 0 40000000 20000
 400 1000 0 0 80000000 20000
 800 1000 0 0 1 10000
 1000 1000 0 0 2 10000
 2000 1000 0 0 4 10000
 4000 1000 0 0 8 10000
 8000 1000 0 0 10 10000
 10000 1000 0 0 20 10000
 20000 1000 0 0 40 10000
 40000 1000 0 0 80 10000
 80000 1000 0 0 100 10000
 100000 1000 0 0 200 10000
 200000 1000 0 0 400 10000
 400000 1000 0 0 800 10000
 800000 1000 0 0 1000 10000
 1000000 1000 0 0 2000 10000
 2000000 1000 0 0 4000 10000
 4000000 1000 0 0 8000 10000
 8000000 1000 0 0 10000 10000
 10000000 1000 0 0 20000 10000
 20000000 1000 0 0 40000 10000
 40000000 1000 0 0 80000 10000
 80000000 1000 0 0 100000 10000
 4 800 0 0 200000 10000
 8 800 0 0 400000 10000
 10 800 0 0 800000 10000
 20 800 0 0 1000000 10000
 40 800 0 0 2000000 10000
 80 800 0 0 4000000 10000
 100 800 0 0 8000000 10000
 200 800 0 0 10000000 10000
 400 800 0 0 20000000 10000
 800 800 0 0 40000000 10000
 1000 800 0 0 80000000 10000
 2000 800 0 0 1 8000
 4000 800 0 0 2 8000
 8000 800 0 0 4 8000
 10000 800 0 0 8 8000
 20000 800 0 0 10 8000
 40000 800 0 0 20 8000
 80000 800 0 0 40 8000
 100000 800 0 0 80 8000
 200000 800 0 0 100 8000
 400000 800 0 0 200 8000
 800000 800 0 0 400 8000
 1000000 800 0 0 800 8000
 2000000 800 0 0 1000 8000
 4000000 800 0 0 2000 8000
 8000000 800 0 0 4000 8000
 10000000 800 0 0 8000 8000
 20000000 800 0 0 10000 8000
 40000000 800 0 0 20000 8000
 80000000 800 0 0 40000 8000
 1 400 0 0 80000 8000
 2 400 0 0 100000 8000
 4 400 0 0 200000 8000
 8 400 0 0 400000 8000
 10 400 0 0 800000 8000
 20 400 0 0 1000000 8000
 40 400 0 0 2000000 8000
 80 400 0 0 4000000 8000
 100 400 0 0 8000000 8000
 200 400 0 0 10000000 8000
 400 400 0 0 20000000 8000
 800 400 0 0 40000000 8000
 1000 400 0 0 80000000 8000
 2000 400 0 0 1 4000
 4000 400 0 0 2 4000
 8000 400 0 0 4 4000
 10000 400 0 0 8 4000
 20000 400 0 0 10 4000
 40000 400 0 0 20 4000
 80000 400 0 0 40 4000
 100000 400 0 0 80 4000
 200000 400 0 0 100 4000
 400000 400 0 0 200 4000
 800000 400 0 0 400 4000
 1000000 400 0 0 800 4000
 2000000 400 0 0 1000 4000
 4000000 400 0 0 2000 4000
 8000000 400 0 0 4000 4000
 10000000 400 0 0 8000 4000
 20000000 400 0 0 10000 4000
 40000000 400 0 0 20000 4000
 80000000 400 0 0 40000 4000
 1 200 0 0 80000 4000
 2 200 0 0 100000 4000
 4 200 0 0 200000 4000
 8 200 0 0 400000 4000
 10 200 0 0 800000 4000
 20 200 0 0 1000000 4000
 40 200 0 0 2000000 4000
 80 200 0 0 4000000 4000
 100 200 0 0 8000000 4000
 200 200 0 0 10000000 4000
 400 200 0 0 20000000 4000
 800 200 0 0 40000000 4000
 1000 200 0 0 80000000 4000
 2000 200 0 0 1 2000
 4000 200 0 0 2 2000
 8000 200 0 0 4 2000
 10000 200 0 0 8 2000
 20000 200 0 0 10 2000
 40000 200 0 0 20 2000
 80000 200 0 0 40 2000
 100000 200 0 0 80 2000
 200000 200 0 0 100 2000
 400000 200 0 0 200 2000
 800000 200 0 0 400 2000
 1000000 200 0 0 800 2000
 2000000 200 0 0 1000 2000
 4000000 200 0 0 2000 2000
 8000000 200 0 0 4000 2000
 10000000 200 0 0 8000 2000
 20000000 200 0 0 10000 2000
 40000000 200 0 0 20000 2000
 80000000 200 0 0 40000 2000
 1 100 0 0 80000 2000
 2 100 0 0 100000 2000
 4 100 0 0 200000 2000
 8 100 0 0 400000 2000
 10 100 0 0 800000 2000
 20 100 0 0 1000000 2000
 40 100 0 0 2000000 2000
 80 100 0 0 4000000 2000
 100 100 0 0 8000000 2000
 200 100 0 0 10000000 2000
 400 100 0 0 20000000 2000
 800 100 0 0 40000000 2000
 1000 100 0 0 80000000 2000
 2000 100 0 0 1 1000
 4000 100 0 0 2 1000
 8000 100 0 0 4 1000
 10000 100 0 0 8 1000
 20000 100 0 0 10 1000
 40000 100 0 0 20 1000
 80000 100 0 0 40 1000
 100000 100 0 0 80 1000
 200000 100 0 0 100 1000
 400000 100 0 0 200 1000
 800000 100 0 0 400 1000
 1000000 100 0 0 800 1000
 2000000 100 0 0 1000 1000
 4000000 100 0 0 2000 1000
 8000000 100 0 0 4000 1000
 10000000 100 0 0 8000 1000
 20000000 100 0 0 10000 1000
 40000000 100 0 0 20000 1000
 80000000 100 0 0 40000 1000
 1 80 0 0 80000 1000
 2 80 0 0 100000 1000
 4 80 0 0 200000 1000
 8 80 0 0 400000 1000
 10 80 0 0 800000 1000
 20 80 0 0 1000000 1000
 40 80 0 0 2000000 1000
 80 80 0 0 4000000 1000
 100 80 0 0 8000000 1000
 200 80 0 0 10000000 1000
 400 80 0 0 20000000 1000
 800 80 0 0 40000000 1000
 1000 80 0 0 80000000 1000
 2000 80 0 0 1 800
 4000 80 0 0 2 800
 8000 80 0 0 4 800
 10000 80 0 0 8 800
 20000 80 0 0 10 800
 40000 80 0 0 20 800
 80000 80 0 0 40 800
 100000 80 0 0 80 800
 200000 80 0 0 100 800
 400000 80 0 0 200 800
 800000 80 0 0 400 800
 1000000 80 0 0 800 800
 2000000 80 0 0 1000 800
 4000000 80 0 0 2000 800
 8000000 80 0 0 4000 800
 10000000 80 0 0 8000 800
 20000000 80 0 0 10000 800
 40000000 80 0 0 20000 800
 80000000 80 0 0 40000 800
 1 40 0 0 80000 800
 2 40 0 0 100000 800
 4 40 0 0 200000 800
 8 40 0 0 4000000 800
 10 40 0 0 10000000 800
 20 40 0 0 20000000 800
 40 40 0 0 40000000 800
 80 40 0 0 80000000 800
 100 40 0 0 1 400
 200 40 0 0 2 400
 400 40 0 0 4 400
 800 40 0 0 8 400
 1000 40 0 0 10 400
 2000 40 0 0 20 400
 4000 40 0 0 40 400
 8000 40 0 0 80 400
 10000 40 0 0 100 400
 20000 40 0 0 200 400
 40000 40 0 0 400 400
 80000 40 0 0 800 400
 100000 40 0 0 1000 400
 200000 40 0 0 2000 400
 400000 40 0 0 4000 400
 800000 40 0 0 8000 400
 1000000 40 0 0 10000 400
 2000000 40 0 0 20000 400
 4000000 40 0 0 40000 400
 8000000 40 0 0 80000 400
 10000000 40 0 0 100000 400
 20000000 40 0 0 200000 400
 40000000 40 0 0 400000 400
 80000000 40 0 0 4000000 400
 1 20 0 0 8000000 400
 2 20 0 0 10000000 400
 4 20 0 0 20000000 400
 8 20 0 0 40000000 400
 10 20 0 0 80000000 400
 20 20 0 0 1 200
 40 20 0 0 2 200
 80 20 0 0 4 200
 100 20 0 0 8 200
 200 20 0 0 10 200
 400 20 0 0 20 200
 800 20 0 0 40 200
 1000 20 0 0 80 200
 2000 20 0 0 100 200
 4000 20 0 0 200 200
 8000 20 0 0 400 200
 10000 20 0 0 800 200
 20000 20 0 0 1000 200
 40000 20 0 0 2000 200
 80000 20 0 0 4000 200
 100000 20 0 0 8000 200
 200000 20 0 0 10000 200
 400000 20 0 0 20000 200
 800000 20 0 0 40000 200
 1000000 20 0 0 80000 200
 2000000 20 0 0 100000 200
 4000000 20 0 0 200000 200
 8000000 20 0 0 800000 200
 10000000 20 0 0 10000000 200
 20000000 20 0 0 20000000 200
 40000000 20 0 0 40000000 200
 80000000 20 0 0 80000000 200
 1 10 0 0 1 100
 2 10 0 0 2 100
 4 10 0 0 4 100
 8 10 0 0 8 100
 10 10 0 0 10 100
 20 10 0 0 20 100
 40 10 0 0 40 100
 80 10 0 0 80 100
 100 10 0 0 100 100
 200 10 0 0 200 100
 400 10 0 0 400 100
 800 10 0 0 800 100
 1000 10 0 0 1000 100
 2000 10 0 0 2000 100
 4000 10 0 0 4000 100
 8000 10 0 0 8000 100
 10000 10 0 0 10000 100
 20000 10 0 0 20000 100
 40000 10 0 0 40000 100
 80000 10 0 0 80000 100
 100000 10 0 0 100000 100
 200000 10 0 0 200000 100
 400000 10 0 0 800000 100
 800000 10 0 0 10000000 100
 1000000 10 0 0 20000000 100
 2000000 10 0 0 40000000 100
 4000000 10 0 0 80000000 100
 8000000 10 0 0 1 80
 10000000 10 0 0 2 80
 20000000 10 0 0 4 80
 40000000 10 0 0 8 80
 80000000 10 0 0 10 80
 1 8 0 0 20 80
 2 8 0 0 40 80
 4 8 0 0 80 80
 8 8 0 0 100 80
 10 8 0 0 200 80
 20 8 0 0 400 80
 40 8 0 0 800 80
 80 8 0 0 1000 80
 100 8 0 0 2000 80
 200 8 0 0 4000 80
 400 8 0 0 8000 80
 800 8 0 0 10000 80
 1000 8 0 0 20000 80
 2000 8 0 0 40000 80
 4000 8 0 0 80000 80
 8000 8 0 0 100000 80
 10000 8 0 0 200000 80
 20000 8 0 0 400000 80
 40000 8 0 0 4000000 80
 80000 8 0 0 8000000 80
 100000 8 0 0 10000000 80
 200000 8 0 0 20000000 80
 400000 8 0 0 40000000 80
 800000 8 0 0 80000000 80
 1000000 8 0 0 1 40
 2000000 8 0 0 2 40
 4000000 8 0 0 4 40
 8000000 8 0 0 8 40
 10000000 8 0 0 10 40
 20000000 8 0 0 20 40
 40000000 8 0 0 40 40
 80000000 8 0 0 80 40
 1 4 0 0 100 40
 2 4 0 0 200 40
 4 4 0 0 400 40
 8 4 0 0 800 40
 10 4 0 0 1000 40
 20 4 0 0 2000 40
 40 4 0 0 4000 40
 80 4 0 0 8000 40
 100 4 0 0 10000 40
 200 4 0 0 20000 40
 400 4 0 0 40000 40
 800 4 0 0 80000 40
 1000 4 0 0 100000 40
 2000 4 0 0 200000 40
 4000 4 0 0 4000000 40
 8000 4 0 0 10000000 40
 10000 4 0 0 20000000 40
 20000 4 0 0 40000000 40
 40000 4 0 0 80000000 40
 80000 4 0 0 1 20
 100000 4 0 0 2 20
 200000 4 0 0 4 20
 400000 4 0 0 8 20
 800000 4 0 0 10 20
 1000000 4 0 0 20 20
 2000000 4 0 0 40 20
 4000000 4 0 0 80 20
 8000000 4 0 0 100 20
 10000000 4 0 0 200 20
 20000000 4 0 0 400 20
 40000000 4 0 0 800 20
 80000000 4 0 0 1000 20
 1 2 0 0 2000 20
 2 2 0 0 4000 20
 4 2 0 0 8000 20
 8 2 0 0 10000 20
 10 2 0 0 20000 20
 20 2 0 0 40000 20
 40 2 0 0 80000 20
 80 2 0 0 100000 20
 100 2 0 0 200000 20
 200 2 0 0 400000 20
 400 2 0 0 800000 20
 800 2 0 0 1000000 20
 1000 2 0 0 2000000 20
 2000 2 0 0 4000000 20
 4000 2 0 0 8000000 20
 8000 2 0 0 10000000 20
 10000 2 0 0 20000000 20
 20000 2 0 0 40000000 20
 40000 2 0 0 80000000 20
 80000 2 0 0 1 10
 100000 2 0 0 2 10
 200000 2 0 0 4 10
 400000 2 0 0 8 10
 800000 2 0 0 10 10
 1000000 2 0 0 20 10
 2000000 2 0 0 40 10
 4000000 2 0 0 80 10
 8000000 2 0 0 100 10
 10000000 2 0 0 200 10
 20000000 2 0 0 400 10
 40000000 2 0 0 800 10
 80000000 2 0 0 1000 10
 1 1 0 0 2000 10
 2 1 0 0 4000 10
 4 1 0 0 8000 10
 8 1 0 0 10000 10
 10 1 0 0 20000 10
 20 1 0 0 40000 10
 40 1 0 0 80000 10
 80 1 0 0 100000 10
 100 1 0 0 200000 10
 200 1 0 0 400000 10
 400 1 0 0 800000 10
 800 1 0 0 1000000 10
 1000 1 0 0 2000000 10
 2000 1 0 0 4000000 10
 4000 1 0 0 8000000 10
 8000 1 0 0 10000000 10
 10000 1 0 0 20000000 10
 20000 1 0 0 40000000 10
 40000 1 0 0 80000000 10
 80000 1 0 0 0 0
430*0
